
horizontal scan
(8, 2, 22, 97) 129 34144
(2, 22, 97, 38) 159 162184
(22, 97, 38, 15) 172 1216380
(97, 38, 15, 0) 150 0
(38, 15, 0, 40) 93 0
(15, 0, 40, 0) 55 0
(0, 40, 0, 75) 115 0
(40, 0, 75, 4) 119 0
(0, 75, 4, 5) 84 0
(75, 4, 5, 7) 91 10500
(4, 5, 7, 78) 94 10920
(5, 7, 78, 52) 142 141960
(7, 78, 52, 12) 149 340704
(78, 52, 12, 50) 192 2433600
(52, 12, 50, 77) 191 2402400
(12, 50, 77, 91) 230 4204200
(50, 77, 91, 8) 226 2802800
(49, 49, 99, 40) 237 9507960
(49, 99, 40, 17) 205 3298680
(99, 40, 17, 81) 237 5452920
(40, 17, 81, 18) 156 991440
(17, 81, 18, 57) 173 1412802
(81, 18, 57, 60) 216 4986360
(18, 57, 60, 87) 222 5355720
(57, 60, 87, 17) 221 5058180
(60, 87, 17, 40) 204 3549600
(87, 17, 40, 98) 242 5797680
(17, 40, 98, 43) 198 2865520
(40, 98, 43, 69) 250 11630640
(98, 43, 69, 48) 258 13956768
(43, 69, 48, 4) 164 569664
(69, 48, 4, 56) 177 741888
(48, 4, 56, 62) 170 666624
(4, 56, 62, 0) 122 0
(81, 49, 31, 73) 234 8981847
(49, 31, 73, 55) 208 6098785
(31, 73, 55, 79) 238 9832735
(73, 55, 79, 14) 221 4440590
(55, 79, 14, 29) 177 1764070
(79, 14, 29, 93) 215 2982882
(14, 29, 93, 71) 207 2680818
(29, 93, 71, 40) 233 7659480
(93, 71, 40, 67) 271 17696040
(71, 40, 67, 53) 231 10084840
(40, 67, 53, 88) 248 12499520
(67, 53, 88, 30) 238 9374640
(53, 88, 30, 3) 174 419760
(88, 30, 3, 49) 170 388080
(30, 3, 49, 13) 95 57330
(3, 49, 13, 36) 101 68796
(49, 13, 36, 65) 163 1490580
(52, 70, 95, 23) 240 7953400
(70, 95, 23, 4) 192 611800
(95, 23, 4, 60) 182 524400
(23, 4, 60, 11) 98 60720
(4, 60, 11, 42) 117 110880
(60, 11, 42, 69) 182 1912680
(11, 42, 69, 24) 146 765072
(42, 69, 24, 68) 203 4729536
(69, 24, 68, 56) 217 6306048
(24, 68, 56, 1) 149 91392
(68, 56, 1, 32) 157 121856
(56, 1, 32, 56) 145 100352
(1, 32, 56, 71) 160 127232
(32, 56, 71, 37) 196 4707584
(56, 71, 37, 2) 166 294224
(71, 37, 2, 36) 146 189144
(37, 2, 36, 91) 166 242424
(22, 31, 16, 71) 140 774752
(31, 16, 71, 51) 169 1796016
(16, 71, 51, 67) 205 3881712
(71, 51, 67, 63) 252 15284241
(51, 67, 63, 89) 270 19159119
(67, 63, 89, 41) 260 15402429
(63, 89, 41, 92) 285 21149604
(89, 41, 92, 36) 258 12085488
(41, 92, 36, 54) 223 7332768
(92, 36, 54, 22) 204 3934656
(36, 54, 22, 40) 152 1710720
(54, 22, 40, 40) 156 1900800
(22, 40, 40, 28) 130 985600
(40, 40, 28, 66) 174 2956800
(40, 28, 66, 33) 167 2439360
(28, 66, 33, 13) 140 792792
(66, 33, 13, 80) 192 2265120
(24, 47, 32, 60) 163 2165760
(47, 32, 60, 99) 238 8933760
(32, 60, 99, 3) 194 570240
(60, 99, 3, 45) 207 801900
(99, 3, 45, 2) 149 26730
(3, 45, 2, 44) 94 11880
(45, 2, 44, 75) 166 297000
(2, 44, 75, 33) 154 217800
(44, 75, 33, 53) 205 5771700
(75, 33, 53, 78) 239 10231650
(33, 53, 78, 36) 200 4911192
(53, 78, 36, 84) 251 12501216
(78, 36, 84, 20) 218 4717440
(36, 84, 20, 35) 175 2116800
(84, 20, 35, 17) 156 999600
(20, 35, 17, 12) 84 142800
(35, 17, 12, 50) 114 357000
(32, 98, 81, 28) 239 7112448
(98, 81, 28, 64) 271 14224896
(81, 28, 64, 23) 196 3338496
(28, 64, 23, 67) 182 2761472
(64, 23, 67, 10) 164 986240
(23, 67, 10, 26) 126 400660
(67, 10, 26, 38) 141 661960
(10, 26, 38, 40) 114 395200
(26, 38, 40, 67) 171 2647840
(38, 40, 67, 59) 204 6008560
(40, 67, 59, 54) 220 8538480
(67, 59, 54, 70) 250 14942340
(59, 54, 70, 66) 249 14719320
(54, 70, 66, 18) 208 4490640
(70, 66, 18, 38) 192 3160080
(66, 18, 38, 64) 186 2889216
(18, 38, 64, 70) 190 3064320
(67, 26, 20, 68) 181 2369120
(26, 20, 68, 2) 116 70720
(20, 68, 2, 62) 152 168640
(68, 2, 62, 12) 144 101184
(2, 62, 12, 20) 96 29760
(62, 12, 20, 95) 189 1413600
(12, 20, 95, 63) 190 1436400
(20, 95, 63, 94) 272 11251800
(95, 63, 94, 39) 291 21941010
(63, 94, 39, 63) 259 14550354
(94, 39, 63, 8) 204 1847664
(39, 63, 8, 40) 150 786240
(63, 8, 40, 91) 202 1834560
(8, 40, 91, 66) 205 1921920
(40, 91, 66, 49) 246 11771760
(91, 66, 49, 94) 300 27663636
(66, 49, 94, 21) 230 6383916
(24, 55, 58, 5) 142 382800
(55, 58, 5, 66) 184 1052700
(58, 5, 66, 73) 202 1397220
(5, 66, 73, 99) 243 2384910
(66, 73, 99, 26) 264 12401532
(73, 99, 26, 97) 295 18226494
(99, 26, 97, 17) 239 4244526
(26, 97, 17, 78) 218 3344172
(97, 17, 78, 78) 270 10032516
(17, 78, 78, 96) 269 9929088
(78, 78, 96, 83) 335 48477312
(78, 96, 83, 14) 271 8701056
(96, 83, 14, 88) 281 9816576
(83, 14, 88, 34) 219 3476704
(14, 88, 34, 89) 225 3728032
(88, 34, 89, 63) 274 16776144
(34, 89, 63, 72) 258 13725936
(21, 36, 23, 9) 89 156492
(36, 23, 9, 75) 143 558900
(23, 9, 75, 0) 107 0
(9, 75, 0, 76) 160 0
(75, 0, 76, 44) 195 0
(0, 76, 44, 20) 140 0
(76, 44, 20, 45) 185 3009600
(44, 20, 45, 35) 144 1386000
(20, 45, 35, 14) 114 441000
(45, 35, 14, 0) 94 0
(35, 14, 0, 61) 110 0
(14, 0, 61, 33) 108 0
(0, 61, 33, 97) 191 0
(61, 33, 97, 34) 225 6638874
(33, 97, 34, 31) 195 3373854
(97, 34, 31, 33) 195 3373854
(34, 31, 33, 95) 193 3304290
(78, 17, 53, 28) 176 1967784
(17, 53, 28, 22) 120 555016
(53, 28, 22, 75) 178 2448600
(28, 22, 75, 31) 156 1432200
(22, 75, 31, 67) 195 3427050
(75, 31, 67, 15) 188 2336625
(31, 67, 15, 94) 207 2928570
(67, 15, 94, 3) 179 283410
(15, 94, 3, 80) 192 338400
(94, 3, 80, 4) 181 90240
(3, 80, 4, 62) 149 59520
(80, 4, 62, 16) 162 317440
(4, 62, 16, 14) 96 55552
(62, 16, 14, 9) 101 124992
(16, 14, 9, 53) 92 106848
(14, 9, 53, 56) 132 373968
(9, 53, 56, 92) 210 2457504
(16, 39, 5, 42) 102 131040
(39, 5, 42, 96) 182 786240
(5, 42, 96, 35) 178 705600
(42, 96, 35, 31) 204 4374720
(96, 35, 31, 47) 209 4895520
(35, 31, 47, 55) 168 2804725
(31, 47, 55, 58) 191 4647830
(47, 55, 58, 88) 248 13193840
(55, 58, 88, 24) 225 6737280
(58, 88, 24, 0) 170 0
(88, 24, 0, 17) 129 0
(24, 0, 17, 54) 95 0
(0, 17, 54, 24) 95 0
(17, 54, 24, 36) 131 793152
(54, 24, 36, 29) 143 1353024
(24, 36, 29, 85) 174 2129760
(36, 29, 85, 57) 207 5058180
(86, 56, 0, 48) 190 0
(56, 0, 48, 35) 139 0
(0, 48, 35, 71) 154 0
(48, 35, 71, 89) 243 10615920
(35, 71, 89, 7) 202 1548155
(71, 89, 7, 5) 172 221165
(89, 7, 5, 44) 145 137060
(7, 5, 44, 44) 100 67760
(5, 44, 44, 37) 130 358160
(44, 44, 37, 44) 169 3151808
(44, 37, 44, 60) 185 4297920
(37, 44, 60, 21) 162 2051280
(44, 60, 21, 58) 183 3215520
(60, 21, 58, 51) 190 3727080
(21, 58, 51, 54) 184 3354372
(58, 51, 54, 17) 180 2715444
(51, 54, 17, 58) 180 2715444
(19, 80, 81, 68) 248 8372160
(80, 81, 68, 5) 234 2203200
(81, 68, 5, 94) 248 2588760
(68, 5, 94, 47) 214 1502120
(5, 94, 47, 69) 215 1524210
(94, 47, 69, 28) 238 8535576
(47, 69, 28, 73) 217 6628692
(69, 28, 73, 92) 262 12975312
(28, 73, 92, 13) 206 2444624
(73, 92, 13, 86) 264 7508488
(92, 13, 86, 52) 243 5348512
(13, 86, 52, 17) 168 988312
(86, 52, 17, 77) 232 5853848
(52, 17, 77, 4) 150 272272
(17, 77, 4, 89) 187 466004
(77, 4, 89, 55) 225 1507660
(4, 89, 55, 40) 188 783200
(4, 52, 8, 83) 147 138112
(52, 8, 83, 97) 240 3349216
(8, 83, 97, 35) 223 2254280
(83, 97, 35, 99) 314 27896715
(97, 35, 99, 16) 247 5377680
(35, 99, 16, 7) 157 388080
(99, 16, 7, 97) 219 1075536
(16, 7, 97, 57) 177 619248
(7, 97, 57, 32) 193 1238496
(97, 57, 32, 16) 202 2830848
(57, 32, 16, 26) 131 758784
(32, 16, 26, 26) 100 346112
(16, 26, 26, 79) 147 854464
(26, 26, 79, 33) 164 1762332
(26, 79, 33, 27) 165 1830114
(79, 33, 27, 98) 237 6898122
(33, 27, 98, 66) 224 5762988
(88, 36, 68, 87) 279 18741888
(36, 68, 87, 57) 248 12139632
(68, 87, 57, 62) 274 20907144
(87, 57, 62, 20) 226 6149160
(57, 62, 20, 72) 211 5088960
(62, 20, 72, 3) 157 267840
(20, 72, 3, 46) 141 198720
(72, 3, 46, 33) 154 327888
(3, 46, 33, 67) 149 305118
(46, 33, 67, 46) 192 4678476
(33, 67, 46, 55) 201 5593830
(67, 46, 55, 12) 180 2034120
(46, 55, 12, 32) 145 971520
(55, 12, 32, 63) 162 1330560
(12, 32, 63, 93) 200 2249856
(32, 63, 93, 53) 241 9936864
(63, 93, 53, 69) 278 21426363
(4, 42, 16, 73) 135 196224
(42, 16, 73, 38) 169 1864128
(16, 73, 38, 25) 152 1109600
(73, 38, 25, 39) 175 2704650
(38, 25, 39, 11) 113 407550
(25, 39, 11, 24) 99 257400
(39, 11, 24, 94) 168 967824
(11, 24, 94, 72) 201 1786752
(24, 94, 72, 18) 208 2923776
(94, 72, 18, 8) 192 974592
(72, 18, 8, 46) 144 476928
(18, 8, 46, 29) 101 192096
(8, 46, 29, 32) 115 341504
(46, 29, 32, 40) 147 1707520
(29, 32, 40, 62) 163 2301440
(32, 40, 62, 76) 210 6031360
(40, 62, 76, 36) 214 6785280
(20, 69, 36, 41) 166 2036880
(69, 36, 41, 72) 218 7332768
(36, 41, 72, 30) 179 3188160
(41, 72, 30, 23) 166 2036880
(72, 30, 23, 88) 213 4371840
(30, 23, 88, 34) 175 2064480
(23, 88, 34, 62) 207 4266592
(88, 34, 62, 99) 283 18364896
(34, 62, 99, 69) 264 14399748
(62, 99, 69, 82) 312 34728804
(99, 69, 82, 67) 317 37529514
(69, 82, 67, 59) 277 22366074
(82, 67, 59, 85) 293 27552410
(67, 59, 85, 74) 285 24864370
(59, 85, 74, 4) 222 1484440
(85, 74, 4, 36) 199 905760
(74, 4, 36, 16) 130 170496
(20, 73, 35, 29) 157 1481900
(73, 35, 29, 78) 215 5779410
(35, 29, 78, 31) 173 2454270
(29, 78, 31, 90) 228 6310980
(78, 31, 90, 1) 200 217620
(31, 90, 1, 74) 196 206460
(90, 1, 74, 31) 196 206460
(1, 74, 31, 49) 155 112406
(74, 31, 49, 71) 225 7980826
(31, 49, 71, 48) 199 5176752
(49, 71, 48, 86) 254 14361312
(71, 48, 86, 81) 286 23740128
(48, 86, 81, 16) 231 5349888
(86, 81, 16, 23) 206 2563488
(81, 16, 23, 57) 177 1699056
(16, 23, 57, 5) 101 104880
(23, 57, 5, 54) 139 353970
(1, 70, 54, 71) 196 268380
(70, 54, 71, 83) 278 22275540
(54, 71, 83, 51) 259 16229322
(71, 83, 51, 54) 259 16229322
(83, 51, 54, 69) 257 15772158
(51, 54, 69, 16) 190 3040416
(54, 69, 16, 92) 231 5484672
(69, 16, 92, 33) 210 3351744
(16, 92, 33, 48) 189 2331648
(92, 33, 48, 61) 234 8889408
(33, 48, 61, 43) 185 4154832
(48, 61, 43, 52) 204 6547008
(61, 43, 52, 1) 157 136396
(43, 52, 1, 89) 185 199004
(52, 1, 89, 19) 161 87932
(1, 89, 19, 67) 176 113297
(89, 19, 67, 48) 223 5438256

vertical scan
(8, 49, 81, 52) 190 1651104
(49, 81, 52, 22) 204 4540536
(81, 52, 22, 24) 179 2223936
(52, 22, 24, 32) 130 878592
(22, 24, 32, 67) 145 1132032
(24, 32, 67, 24) 147 1234944
(32, 67, 24, 21) 144 1080576
(67, 24, 21, 78) 190 2633904
(24, 21, 78, 16) 139 628992
(21, 78, 16, 86) 201 2253888
(78, 16, 86, 19) 199 2039232
(16, 86, 19, 4) 125 104576
(86, 19, 4, 88) 197 575168
(19, 4, 88, 4) 115 26752
(4, 88, 4, 20) 116 28160
(88, 4, 20, 20) 132 140800
(4, 20, 20, 1) 45 1600
(2, 49, 49, 70) 170 336140
(49, 49, 70, 31) 199 5210170
(49, 70, 31, 47) 197 4997510
(70, 31, 47, 98) 246 9995020
(31, 47, 98, 26) 202 3712436
(47, 98, 26, 55) 226 6586580
(98, 26, 55, 36) 215 5045040
(26, 55, 36, 17) 134 875160
(55, 36, 17, 39) 147 1312740
(36, 17, 39, 56) 148 1336608
(17, 39, 56, 80) 192 2970240
(39, 56, 80, 52) 227 9085440
(56, 80, 52, 36) 224 8386560
(80, 52, 36, 42) 210 6289920
(52, 36, 42, 69) 199 5425056
(36, 42, 69, 73) 220 7615944
(42, 69, 73, 70) 254 14808780
(22, 99, 31, 95) 247 6414210
(99, 31, 95, 16) 241 4664880
(31, 95, 16, 32) 174 1507840
(95, 16, 32, 81) 224 3939840
(16, 32, 81, 20) 149 829440
(32, 81, 20, 58) 191 3006720
(81, 20, 58, 23) 182 2161080
(20, 58, 23, 53) 154 1414040
(58, 23, 53, 5) 139 353510
(23, 53, 5, 0) 81 0
(53, 5, 0, 81) 139 0
(5, 0, 81, 8) 94 0
(0, 81, 8, 68) 157 0
(81, 8, 68, 16) 173 705024
(8, 68, 16, 36) 128 313344
(68, 16, 36, 35) 155 1370880
(16, 36, 35, 54) 141 1088640
(97, 40, 73, 23) 233 6514520
(40, 73, 23, 71) 207 4768360
(73, 23, 71, 60) 227 7152540
(23, 71, 60, 28) 182 2743440
(71, 60, 28, 68) 227 8111040
(60, 28, 68, 5) 161 571200
(28, 68, 5, 9) 110 85680
(68, 5, 9, 28) 110 85680
(5, 9, 28, 42) 84 52920
(9, 28, 42, 48) 127 508032
(28, 42, 48, 68) 186 3838464
(42, 48, 68, 83) 241 11378304
(48, 68, 83, 87) 286 23569344
(68, 83, 87, 73) 311 35845044
(83, 87, 73, 41) 284 21612453
(87, 73, 41, 29) 230 7551339
(73, 41, 29, 71) 214 6162587
(38, 17, 55, 4) 114 142120
(17, 55, 4, 51) 127 190740
(55, 4, 51, 99) 209 1110780
(4, 51, 99, 64) 218 1292544
(51, 99, 64, 2) 216 646272
(99, 64, 2, 66) 231 836352
(64, 2, 66, 75) 207 633600
(2, 66, 75, 22) 165 217800
(66, 75, 22, 96) 259 10454400
(75, 22, 96, 35) 228 5544000
(22, 96, 35, 5) 158 369600
(96, 35, 5, 97) 233 1629600
(35, 5, 97, 57) 194 967575
(5, 97, 57, 38) 197 1050510
(97, 57, 38, 72) 264 15127344
(57, 38, 72, 78) 245 12164256
(38, 72, 78, 83) 271 17712864
(15, 81, 79, 60) 235 5759100
(81, 79, 60, 67) 287 25723980
(79, 60, 67, 3) 209 952740
(60, 67, 3, 23) 153 277380
(67, 3, 23, 62) 155 286626
(3, 23, 62, 73) 161 312294
(23, 62, 73, 0) 158 0
(62, 73, 0, 75) 210 0
(73, 0, 75, 35) 183 0
(0, 75, 35, 71) 181 0
(75, 35, 71, 94) 275 17519250
(35, 71, 94, 35) 235 8175650
(71, 94, 35, 62) 262 14482580
(94, 35, 62, 25) 216 5099500
(35, 62, 25, 30) 152 1627500
(62, 25, 30, 31) 148 1441500
(25, 30, 31, 51) 137 1185750
(0, 18, 14, 11) 43 0
(18, 14, 11, 63) 106 174636
(14, 11, 63, 45) 133 436590
(11, 63, 45, 67) 186 2089395
(63, 45, 67, 12) 187 2279340
(45, 67, 12, 99) 223 3581820
(67, 12, 99, 76) 254 6049296
(12, 99, 76, 31) 218 2798928
(99, 76, 31, 31) 237 7230564
(76, 31, 31, 89) 227 6500204
(31, 31, 89, 47) 198 4019863
(31, 89, 47, 99) 266 12837627
(89, 47, 99, 20) 255 8282340
(47, 99, 20, 39) 205 3629340
(99, 20, 39, 23) 181 1776060
(20, 39, 23, 90) 172 1614600
(39, 23, 90, 54) 206 4359420
(40, 57, 29, 42) 168 2777040
(57, 29, 42, 89) 217 6178914
(29, 42, 89, 2) 162 216804
(42, 89, 2, 10) 143 74760
(89, 2, 10, 20) 121 35600
(2, 10, 20, 26) 58 10400
(10, 20, 26, 44) 100 228800
(20, 26, 44, 67) 157 1532960
(26, 44, 67, 47) 184 3602456
(44, 67, 47, 7) 165 969892
(67, 47, 7, 69) 190 1520967
(47, 7, 69, 16) 139 363216
(7, 69, 16, 72) 164 556416
(69, 16, 72, 11) 168 874368
(16, 72, 11, 88) 187 1115136
(72, 11, 88, 1) 172 69696
(11, 88, 1, 69) 169 66792
(0, 60, 93, 69) 222 0
(60, 93, 69, 41) 263 15785820
(93, 69, 41, 44) 247 11576268
(69, 41, 44, 26) 180 3236376
(41, 44, 26, 95) 206 4455880
(44, 26, 95, 97) 262 10541960
(26, 95, 97, 20) 238 4791800
(95, 97, 20, 15) 227 2764500
(97, 20, 15, 55) 187 1600500
(20, 15, 55, 5) 95 82500
(15, 55, 5, 28) 103 115500
(55, 5, 28, 7) 95 53900
(5, 28, 7, 3) 43 2940
(28, 7, 3, 24) 62 14112
(7, 3, 24, 34) 68 17136
(3, 24, 34, 74) 135 181152
(24, 34, 74, 16) 148 966144
(75, 87, 71, 24) 257 11118600
(87, 71, 24, 92) 274 13638816
(71, 24, 92, 75) 262 11757600
(24, 92, 75, 38) 229 6292800
(92, 75, 38, 63) 268 16518600
(75, 38, 63, 17) 193 3052350
(38, 63, 17, 45) 163 1831410
(63, 17, 45, 94) 219 4530330
(17, 45, 94, 58) 214 4170780
(45, 94, 58, 44) 241 10794960
(94, 58, 44, 73) 269 17511824
(58, 44, 73, 97) 272 18070712
(44, 73, 97, 46) 260 14331944
(73, 97, 46, 94) 310 30618244
(97, 46, 94, 62) 299 26004536
(46, 94, 62, 31) 233 8310728
(94, 62, 31, 92) 279 16621456
(4, 17, 40, 68) 129 184960
(17, 40, 68, 36) 161 1664640
(40, 68, 36, 33) 177 3231360
(68, 36, 33, 40) 177 3231360
(36, 33, 40, 94) 203 4466880
(33, 40, 94, 78) 245 9678240
(40, 94, 78, 35) 247 10264800
(94, 78, 35, 3) 210 769860
(78, 35, 3, 88) 204 720720
(35, 3, 88, 44) 170 406560
(3, 88, 44, 92) 227 1068672
(88, 44, 92, 57) 281 20304768
(44, 92, 57, 33) 226 7614288
(92, 57, 33, 72) 254 12459744
(57, 33, 72, 99) 261 13407768
(33, 72, 99, 49) 253 11525976
(72, 99, 49, 33) 253 11525976
(5, 40, 67, 56) 168 750400
(40, 67, 56, 54) 217 8104320
(67, 56, 54, 53) 230 10738224
(56, 54, 53, 67) 230 10738224
(54, 53, 67, 39) 213 7478406
(53, 67, 39, 78) 237 10802142
(67, 39, 78, 14) 198 2853396
(39, 78, 14, 80) 211 3407040
(78, 14, 80, 24) 196 2096640
(14, 80, 24, 37) 155 994560
(80, 24, 37, 13) 154 923520
(24, 37, 13, 32) 106 369408
(37, 13, 32, 67) 149 1031264
(13, 32, 67, 18) 130 501696
(32, 67, 18, 69) 186 2662848
(67, 18, 69, 71) 225 5908194
(18, 69, 71, 48) 206 4232736
(7, 98, 53, 1) 159 36358
(98, 53, 1, 22) 174 114268
(53, 1, 22, 78) 154 90948
(1, 22, 78, 59) 160 101244
(22, 78, 59, 63) 222 6378372
(78, 59, 63, 96) 296 27832896
(59, 63, 96, 0) 218 0
(63, 96, 0, 4) 163 0
(96, 0, 4, 0) 100 0
(0, 4, 0, 44) 48 0
(4, 0, 44, 86) 134 0
(0, 44, 86, 16) 146 0
(44, 86, 16, 46) 192 2785024
(86, 16, 46, 8) 156 506368
(16, 46, 8, 82) 152 482816
(46, 8, 82, 48) 184 1448448
(8, 82, 48, 61) 199 1920768
(78, 43, 88, 32) 241 9444864
(43, 88, 32, 40) 203 4843520
(88, 32, 40, 36) 196 4055040
(32, 40, 36, 54) 162 2488320
(40, 36, 54, 8) 138 622080
(36, 54, 8, 83) 181 1290816
(54, 8, 83, 61) 206 2187216
(8, 83, 61, 62) 214 2511248
(83, 61, 62, 17) 223 5336402
(61, 62, 17, 60) 200 3857640
(62, 17, 60, 52) 191 3288480
(17, 60, 52, 26) 155 1379040
(60, 52, 26, 55) 193 4461600
(52, 26, 55, 46) 179 3420560
(26, 55, 46, 67) 194 4407260
(55, 46, 67, 86) 254 14577860
(46, 67, 86, 43) 242 11397236
(52, 69, 30, 56) 207 6027840
(69, 30, 56, 40) 195 4636800
(30, 56, 40, 84) 210 5644800
(56, 40, 84, 70) 250 13171200
(40, 84, 70, 40) 234 9408000
(84, 70, 40, 14) 208 3292800
(70, 40, 14, 33) 157 1293600
(40, 14, 33, 16) 103 295680
(14, 33, 16, 54) 117 399168
(33, 16, 54, 21) 124 598752
(16, 54, 21, 17) 108 308448
(54, 21, 17, 26) 118 501228
(21, 17, 26, 12) 76 111384
(17, 26, 12, 29) 84 153816
(26, 12, 29, 59) 126 533832
(12, 29, 59, 81) 181 1663092
(29, 59, 81, 52) 221 7206732
(12, 48, 3, 71) 134 122688
(48, 3, 71, 28) 150 286272
(3, 71, 28, 20) 122 119280
(71, 28, 20, 66) 185 2624160
(28, 20, 66, 91) 205 3363360
(20, 66, 91, 88) 265 10570560
(66, 91, 88, 97) 342 51267216
(91, 88, 97, 14) 290 10874864
(88, 97, 14, 24) 223 2868096
(97, 14, 24, 58) 193 1890336
(14, 24, 58, 77) 173 1500576
(24, 58, 77, 79) 238 8467536
(58, 77, 79, 32) 246 11290048
(77, 79, 32, 32) 220 6228992
(79, 32, 32, 85) 228 6876160
(32, 32, 85, 16) 165 1392640
(32, 85, 16, 1) 134 43520
(50, 4, 49, 37) 140 362600
(4, 49, 37, 66) 156 478632
(49, 37, 66, 35) 187 4188030
(37, 66, 35, 18) 156 1538460
(66, 35, 18, 66) 185 2744280
(35, 18, 66, 34) 153 1413720
(18, 66, 34, 34) 152 1373328
(66, 34, 34, 9) 143 686664
(34, 34, 9, 36) 113 374544
(34, 9, 36, 51) 130 561816
(9, 36, 51, 4) 100 66096
(36, 51, 4, 33) 124 242352
(51, 4, 33, 63) 151 424116
(4, 33, 63, 40) 140 332640
(33, 63, 40, 74) 210 6153840
(63, 40, 74, 23) 200 4289040
(40, 74, 23, 89) 226 6059120
(77, 56, 13, 2) 148 112112
(56, 13, 2, 33) 104 48048
(13, 2, 33, 17) 65 14586
(2, 33, 17, 38) 90 42636
(33, 17, 38, 49) 137 1044582
(17, 38, 49, 89) 193 2817206
(38, 49, 89, 31) 207 5137258
(49, 89, 31, 53) 222 7165123
(89, 31, 53, 29) 202 4240583
(31, 53, 29, 54) 167 2572938
(53, 29, 54, 89) 225 7386822
(29, 54, 89, 27) 199 3763098
(54, 89, 27, 93) 263 12067866
(89, 27, 93, 62) 271 13855698
(27, 93, 62, 4) 186 622728
(93, 62, 4, 57) 216 1314648
(62, 4, 57, 19) 142 268584
(91, 62, 36, 36) 225 7312032
(62, 36, 36, 13) 147 1044576
(36, 36, 13, 12) 97 202176
(36, 13, 12, 64) 125 359424
(13, 12, 64, 94) 183 938496
(12, 64, 94, 63) 233 4548096
(64, 94, 63, 33) 254 12507264
(94, 63, 33, 56) 246 10943856
(63, 33, 56, 85) 237 9896040
(33, 56, 85, 17) 191 2670360
(56, 85, 17, 55) 213 4450600
(85, 17, 55, 98) 255 7788550
(17, 55, 98, 53) 223 4856390
(55, 98, 53, 76) 282 21710920
(98, 53, 76, 36) 263 14210784
(53, 76, 36, 5) 170 725040
(76, 36, 5, 67) 184 916560
(8, 0, 65, 91) 164 0
(0, 65, 91, 80) 236 0
(65, 91, 80, 50) 286 23660000
(91, 80, 50, 70) 291 25480000
(80, 50, 70, 21) 221 5880000
(50, 70, 21, 72) 213 5292000
(70, 21, 72, 95) 258 10054800
(21, 72, 95, 92) 280 13214880
(72, 95, 92, 57) 316 35868960
(95, 92, 57, 58) 302 28894440
(92, 57, 58, 40) 247 12166080
(57, 58, 40, 66) 221 8727840
(58, 40, 66, 69) 233 10565280
(40, 66, 69, 36) 211 6557760
(66, 69, 36, 16) 187 2623104
(69, 36, 16, 54) 175 2146176
(36, 16, 54, 48) 154 1492992

forward diagonal scan
(8, 49, 31, 23) 111 279496
(49, 49, 95, 71) 264 16194745
(81, 70, 16, 60) 227 5443200
(52, 31, 32, 28) 143 1444352
(22, 47, 81, 68) 218 5695272
(24, 98, 20, 5) 147 235200
(32, 26, 58, 9) 125 434304
(67, 55, 23, 28) 173 2373140
(24, 36, 53, 42) 155 1923264
(21, 17, 5, 48) 91 85680
(78, 39, 0, 68) 185 0
(16, 56, 81, 83) 236 6023808
(86, 80, 8, 87) 261 4788480
(19, 52, 68, 73) 212 4904432
(4, 36, 16, 41) 97 94464
(88, 42, 36, 29) 195 3858624
(4, 69, 35, 71) 179 685860
(2, 99, 73, 4) 178 57816
(49, 31, 23, 51) 154 1781787
(49, 95, 71, 99) 314 32719995
(70, 16, 60, 64) 210 4300800
(31, 32, 28, 2) 93 55552
(47, 81, 68, 66) 262 17085816
(98, 20, 5, 75) 198 735000
(26, 58, 9, 22) 115 298584
(55, 23, 28, 96) 202 3400320
(36, 53, 42, 35) 166 2804760
(17, 5, 48, 5) 75 20400
(39, 0, 68, 97) 204 0
(56, 81, 83, 57) 277 21459816
(80, 8, 87, 38) 213 2115840
(52, 68, 73, 72) 265 18585216
(36, 16, 41, 78) 171 1842048
(42, 36, 29, 83) 190 3639384
(22, 40, 55, 60) 177 2904000
(99, 73, 4, 67) 243 1936836
(31, 23, 51, 3) 108 109089
(95, 71, 99, 23) 288 15358365
(16, 60, 64, 62) 202 3809280
(32, 28, 2, 73) 135 130816
(81, 68, 66, 0) 215 0
(20, 5, 75, 75) 175 562500
(58, 9, 22, 35) 124 401940
(23, 28, 96, 71) 218 4389504
(53, 42, 35, 94) 224 7323540
(5, 48, 5, 35) 93 42000
(0, 68, 97, 62) 227 0
(81, 83, 57, 25) 246 9580275
(8, 87, 38, 30) 163 793440
(68, 73, 72, 31) 244 11079648
(16, 41, 78, 51) 186 2609568
(97, 17, 79, 11) 204 1432981
(40, 55, 60, 63) 218 8316000
(73, 4, 67, 45) 189 880380
(23, 51, 3, 67) 144 235773
(71, 99, 23, 12) 205 1940004
(60, 64, 62, 99) 285 23569920
(28, 2, 73, 76) 179 310688
(68, 66, 0, 31) 165 0
(5, 75, 75, 31) 186 871875
(9, 22, 35, 89) 155 616770
(28, 96, 71, 47) 242 8969856
(42, 35, 94, 99) 270 13679820
(48, 5, 35, 20) 108 168000
(68, 97, 62, 39) 266 15949128
(83, 57, 25, 23) 188 2720325
(87, 38, 30, 90) 245 8926200
(73, 72, 31, 54) 230 8798544
(38, 81, 14, 42) 175 1809864
(17, 79, 11, 89) 196 1314797
(55, 60, 63, 2) 180 415800
(4, 67, 45, 10) 126 120600
(51, 3, 67, 20) 141 205020
(99, 23, 12, 26) 160 710424
(64, 62, 99, 44) 269 17284608
(2, 73, 76, 67) 218 743432
(66, 0, 31, 47) 144 0
(75, 75, 31, 7) 188 1220625
(22, 35, 89, 69) 215 4728570
(96, 71, 47, 16) 230 5125632
(35, 94, 99, 72) 300 23451120
(5, 35, 20, 11) 71 38500
(97, 62, 39, 88) 286 20640048
(57, 25, 23, 1) 106 32775
(38, 30, 90, 69) 227 7079400
(15, 18, 29, 69) 131 540270
(81, 14, 42, 41) 178 1952748
(79, 11, 89, 44) 223 3403004
(60, 63, 2, 26) 151 196560
(67, 45, 10, 95) 217 2864250
(3, 67, 20, 97) 187 389940
(23, 12, 26, 20) 81 143520
(62, 99, 44, 15) 220 4051080
(73, 76, 67, 55) 271 20444380
(0, 31, 47, 5) 83 0
(75, 31, 7, 28) 141 455700
(35, 89, 69, 7) 200 1504545
(71, 47, 16, 3) 137 160176
(94, 99, 72, 24) 289 16080768
(35, 20, 11, 34) 100 261800
(62, 39, 88, 74) 263 15746016
(25, 23, 1, 16) 65 9200
(0, 57, 93, 24) 174 0
(18, 29, 69, 92) 208 3313656
(14, 42, 41, 75) 172 1808100
(11, 89, 44, 38) 182 1636888
(63, 2, 26, 63) 154 206388
(45, 10, 95, 17) 167 726750
(67, 20, 97, 45) 229 5849100
(12, 26, 20, 94) 152 586560
(99, 44, 15, 58) 216 3789720
(76, 67, 55, 44) 242 12322640
(31, 47, 5, 73) 156 531805
(31, 7, 28, 97) 163 589372
(89, 69, 7, 46) 211 1977402
(47, 16, 3, 94) 160 212064
(99, 72, 24, 62) 257 10606464
(20, 11, 34, 31) 96 231880
(39, 88, 74, 92) 293 23365056
(40, 60, 71, 68) 239 11587200
(57, 93, 24, 36) 210 4580064
(29, 69, 92, 33) 223 6075036
(42, 41, 75, 40) 198 5166000
(89, 44, 38, 94) 265 13987952
(2, 26, 63, 78) 169 255528
(10, 95, 17, 35) 157 565250
(20, 97, 45, 3) 165 261900
(26, 20, 94, 88) 228 4301440
(44, 15, 58, 44) 161 1684320
(67, 55, 44, 92) 258 14916880
(47, 5, 73, 57) 182 977835
(7, 28, 97, 33) 165 627396
(69, 7, 46, 72) 194 1599696
(16, 3, 94, 99) 212 446688
(72, 24, 62, 49) 207 5249664
(11, 34, 31, 33) 109 382602
(0, 87, 40, 56) 183 0
(60, 71, 68, 54) 253 15642720
(93, 24, 36, 53) 206 4258656
(69, 92, 33, 67) 261 14035428
(41, 75, 40, 39) 195 4797000
(44, 38, 94, 78) 254 12259104
(26, 63, 78, 14) 181 1788696
(95, 17, 35, 80) 227 4522000
(97, 45, 3, 24) 169 314280
(20, 94, 88, 37) 239 6121280
(15, 58, 44, 13) 130 497640
(55, 44, 92, 32) 223 7124480
(5, 73, 57, 67) 202 1393935
(28, 97, 33, 18) 176 1613304
(7, 46, 72, 69) 194 1599696
(3, 94, 99, 71) 267 1982178
(24, 62, 49, 48) 183 3499776
(75, 17, 67, 1) 160 85425
(87, 40, 56, 22) 205 4287360
(71, 68, 54, 78) 271 20335536
(24, 36, 53, 59) 172 2701728
(92, 33, 67, 63) 255 12814956
(75, 40, 39, 96) 250 11232000
(38, 94, 78, 0) 210 0
(63, 78, 14, 4) 159 275184
(17, 35, 80, 0) 132 0
(45, 3, 24, 44) 116 142560
(94, 88, 37, 86) 305 26321504
(58, 44, 13, 16) 131 530816
(44, 92, 32, 46) 214 5958656
(73, 57, 67, 8) 205 2230296
(97, 33, 18, 82) 230 4724676
(46, 72, 69, 48) 235 10969344
(94, 99, 71, 61) 325 40304286
(4, 40, 53, 32) 129 271360
(17, 67, 1, 40) 125 45560
(40, 56, 22, 36) 154 1774080
(68, 54, 78, 54) 254 15466464
(36, 53, 59, 8) 156 900576
(33, 67, 63, 83) 246 11561319
(40, 39, 96, 61) 236 9135360
(94, 78, 0, 62) 234 0
(78, 14, 4, 17) 113 74256
(35, 80, 0, 60) 175 0
(3, 24, 44, 52) 123 164736
(88, 37, 86, 26) 237 7280416
(44, 13, 16, 55) 128 503360
(92, 32, 46, 46) 216 6229504
(57, 67, 8, 67) 199 2046984
(33, 18, 82, 86) 219 4188888
(72, 69, 48, 43) 232 10253952
(5, 98, 88, 56) 247 2414720
(40, 53, 32, 40) 165 2713600
(67, 1, 40, 84) 192 225120
(56, 22, 36, 70) 184 3104640
(54, 78, 54, 40) 226 9097920
(53, 59, 8, 14) 134 350224
(67, 63, 83, 33) 246 11561319
(39, 96, 61, 16) 212 3654144
(78, 0, 62, 54) 194 0
(14, 4, 17, 21) 56 19992
(80, 0, 60, 17) 157 0
(24, 44, 52, 26) 146 1427712
(37, 86, 26, 12) 161 992784
(13, 16, 55, 29) 113 331760
(32, 46, 46, 59) 183 3995008
(67, 8, 67, 81) 223 2908872
(18, 82, 86, 52) 238 6600672
(7, 43, 30, 71) 151 641130
(98, 88, 56, 28) 270 13522432
(53, 32, 40, 20) 145 1356800
(1, 40, 84, 66) 191 221760
(22, 36, 70, 91) 219 5045040
(78, 54, 40, 88) 260 14826240
(59, 8, 14, 97) 178 640976
(63, 83, 33, 14) 193 2415798
(96, 61, 16, 24) 197 2248704
(0, 62, 54, 58) 174 0
(4, 17, 21, 77) 119 109956
(0, 60, 17, 79) 156 0
(44, 52, 26, 32) 154 1903616
(86, 26, 12, 32) 156 858624
(16, 55, 29, 85) 185 2169200
(46, 46, 59, 16) 167 1997504
(8, 67, 81, 1) 157 43416
(78, 69, 3, 37) 187 597402
(43, 30, 71, 66) 210 6044940
(88, 56, 28, 35) 207 4829440
(32, 40, 20, 18) 110 460800
(40, 84, 66, 66) 256 14636160
(36, 70, 91, 34) 231 7796880
(54, 40, 88, 34) 216 6462720
(8, 14, 97, 9) 128 97776
(83, 33, 14, 36) 166 1380456
(61, 16, 24, 51) 152 1194624
(62, 54, 58, 4) 178 776736
(17, 21, 77, 33) 148 907137
(60, 17, 79, 63) 219 5076540
(52, 26, 32, 40) 150 1730560
(26, 12, 32, 74) 144 738816
(55, 29, 85, 23) 192 3118225
(46, 59, 16, 89) 210 3864736
(52, 48, 49, 2) 151 244608
(69, 3, 37, 33) 142 252747
(30, 71, 66, 17) 184 2389860
(56, 28, 35, 38) 157 2085440
(40, 20, 18, 49) 127 705600
(84, 66, 66, 89) 305 32565456
(70, 91, 34, 31) 226 6713980
(40, 88, 34, 53) 215 6343040
(14, 97, 9, 29) 149 354438
(33, 14, 36, 54) 137 898128
(16, 24, 51, 89) 180 1742976
(54, 58, 4, 27) 143 338256
(21, 77, 33, 93) 224 4962573
(17, 79, 63, 62) 221 5245758
(26, 32, 40, 4) 102 133120
(12, 32, 74, 57) 175 1619712
(29, 85, 23, 19) 156 1077205
(12, 4, 13, 36) 65 22464
(48, 49, 2, 13) 112 61152
(3, 37, 33, 12) 85 43956
(71, 66, 17, 64) 218 5098368
(28, 35, 38, 94) 195 3500560
(20, 18, 49, 63) 150 1111320
(66, 66, 89, 33) 254 12793572
(91, 34, 31, 56) 212 5371184
(88, 34, 53, 85) 260 13478960
(97, 9, 29, 17) 152 430389
(14, 36, 54, 55) 159 1496880
(24, 51, 89, 98) 262 10675728
(58, 4, 27, 53) 142 331992
(77, 33, 93, 76) 279 17959788
(79, 63, 62, 36) 240 11108664
(32, 40, 4, 5) 81 25600
(32, 74, 57, 67) 230 9043392
(50, 56, 36, 91) 233 9172800
(4, 13, 36, 80) 133 149760
(49, 2, 13, 50) 114 63700
(37, 33, 12, 70) 152 1025640
(66, 17, 64, 21) 168 1507968
(35, 38, 94, 72) 239 9001440
(18, 49, 63, 95) 225 5278770
(66, 89, 33, 92) 280 17833464
(34, 31, 56, 57) 178 3364368
(34, 53, 85, 58) 230 8883860
(9, 29, 17, 40) 95 177480
(36, 54, 55, 66) 211 7056720
(51, 89, 98, 69) 307 30692718
(4, 27, 53, 36) 120 206064
(33, 93, 76, 16) 218 3731904
(63, 62, 36, 54) 215 7593264
(40, 4, 5, 48) 97 38400

backward diagonal sca-n
(52, 49, 99, 97) 297 24468444
(70, 31, 40, 38) 179 3298400
(95, 73, 17, 15) 200 1768425
(23, 55, 81, 0) 159 0
(4, 79, 18, 40) 141 227520
(60, 14, 57, 0) 131 0
(11, 29, 60, 75) 175 1435500
(42, 93, 87, 4) 226 1359288
(69, 71, 17, 5) 162 416415
(24, 40, 40, 7) 111 268800
(68, 67, 98, 78) 311 34826064
(56, 53, 43, 52) 204 6636448
(1, 88, 69, 12) 170 72864
(32, 30, 48, 50) 160 2304000
(56, 3, 4, 77) 140 51744
(71, 49, 56, 91) 267 17728984
(37, 13, 62, 8) 120 238576
(22, 70, 31, 40) 163 1909600
(31, 95, 73, 17) 216 3654745
(16, 23, 55, 81) 175 1639440
(71, 4, 79, 18) 172 403848
(51, 60, 14, 57) 182 2441880
(67, 11, 29, 60) 167 1282380
(63, 42, 93, 87) 285 21408786
(89, 69, 71, 17) 246 7412187
(41, 24, 40, 40) 145 1574400
(92, 68, 67, 98) 325 41076896
(36, 56, 53, 43) 188 4594464
(54, 1, 88, 69) 212 327888
(22, 32, 30, 48) 132 1013760
(40, 56, 3, 4) 103 26880
(40, 71, 49, 56) 216 7792960
(28, 37, 13, 62) 140 835016
(66, 2, 36, 0) 104 0
(24, 31, 95, 73) 223 5159640
(47, 16, 23, 55) 141 951280
(32, 71, 4, 79) 186 717952
(60, 51, 60, 14) 185 2570400
(99, 67, 11, 29) 206 2115927
(3, 63, 42, 93) 201 738234
(45, 89, 69, 71) 274 19620495
(2, 41, 24, 40) 107 78720
(44, 92, 68, 67) 271 18442688
(75, 36, 56, 53) 220 8013600
(33, 54, 1, 88) 176 156816
(53, 22, 32, 30) 137 1119360
(78, 40, 56, 3) 177 524160
(36, 40, 71, 49) 196 5009760
(84, 28, 37, 13) 162 1131312
(20, 66, 2, 36) 124 95040
(35, 33, 36, 65) 169 2702700
(32, 47, 16, 23) 118 553472
(98, 32, 71, 4) 205 890624
(81, 60, 51, 60) 252 14871600
(28, 99, 67, 11) 205 2042964
(64, 3, 63, 42) 172 508032
(23, 45, 89, 69) 226 6355935
(67, 2, 41, 24) 134 131856
(10, 44, 92, 68) 214 2752640
(26, 75, 36, 56) 193 3931200
(38, 33, 54, 1) 126 67716
(40, 53, 22, 32) 147 1492480
(67, 78, 40, 56) 241 11706240
(59, 36, 40, 71) 206 6032160
(54, 84, 28, 37) 203 4699296
(70, 20, 66, 2) 158 184800
(66, 35, 33, 36) 170 2744280
(18, 17, 13, 91) 139 361998
(67, 98, 32, 71) 268 14917952
(26, 81, 60, 51) 218 6444360
(20, 28, 99, 67) 214 3714480
(68, 64, 3, 63) 198 822528
(2, 23, 45, 89) 159 184230
(62, 67, 2, 41) 172 340628
(12, 10, 44, 92) 158 485760
(20, 26, 75, 36) 157 1404000
(95, 38, 33, 54) 220 6433020
(63, 40, 53, 22) 178 2938320
(94, 67, 78, 40) 279 19649760
(39, 59, 36, 40) 174 3313440
(63, 54, 84, 28) 229 8001504
(8, 70, 20, 66) 164 739200
(40, 66, 35, 33) 174 3049200
(91, 18, 17, 13) 139 361998
(66, 38, 12, 80) 196 2407680
(24, 26, 81, 60) 191 3032640
(55, 20, 28, 99) 202 3049200
(58, 68, 64, 3) 193 757248
(5, 2, 23, 45) 75 10350
(66, 62, 67, 2) 197 548328
(73, 12, 10, 44) 139 385440
(99, 20, 26, 75) 220 3861000
(26, 95, 38, 33) 192 3097380
(97, 63, 40, 53) 253 12955320
(17, 94, 67, 78) 256 8351148
(78, 39, 59, 36) 212 6461208
(78, 63, 54, 84) 279 22289904
(96, 8, 70, 20) 194 1075200
(83, 40, 66, 35) 224 7669200
(14, 91, 18, 17) 140 389844
(88, 66, 38, 12) 204 2648448
(34, 49, 64, 50) 197 5331200
(21, 55, 20, 28) 124 646800
(36, 58, 68, 64) 226 9086976
(23, 5, 2, 23) 53 5290
(9, 66, 62, 67) 204 2467476
(75, 73, 12, 10) 170 657000
(0, 99, 20, 26) 145 0
(76, 26, 95, 38) 235 7133360
(44, 97, 63, 40) 244 10755360
(20, 17, 94, 67) 198 2141320
(45, 78, 39, 59) 221 8076510
(35, 78, 63, 54) 230 9287460
(14, 96, 8, 70) 188 752640
(0, 83, 40, 66) 189 0
(61, 14, 91, 18) 184 1398852
(33, 88, 66, 38) 225 7283232
(97, 34, 49, 64) 244 10342528
(34, 89, 94, 70) 287 19911080
(78, 36, 58, 68) 240 11074752
(17, 23, 5, 2) 47 3910
(53, 9, 66, 62) 190 1951884
(28, 75, 73, 12) 188 1839600
(22, 0, 99, 20) 141 0
(75, 76, 26, 95) 272 14079000
(31, 44, 97, 63) 235 8335404
(67, 20, 17, 94) 198 2141320
(15, 45, 78, 39) 177 2053350
(94, 35, 78, 63) 270 16167060
(3, 14, 96, 8) 121 32256
(80, 0, 83, 40) 203 0
(4, 61, 14, 91) 170 310856
(62, 33, 88, 66) 249 11883168
(16, 97, 34, 49) 196 2585632
(14, 34, 89, 94) 231 3982216
(9, 31, 63, 21) 124 369117
(16, 17, 23, 5) 61 31280
(39, 53, 9, 66) 167 1227798
(5, 28, 75, 73) 181 766500
(42, 22, 0, 99) 163 0
(96, 75, 76, 26) 273 14227200
(35, 31, 44, 97) 207 4630780
(31, 67, 20, 17) 135 706180
(47, 15, 45, 78) 185 2474550
(55, 94, 35, 78) 262 14114100
(58, 3, 14, 96) 171 233856
(88, 80, 0, 83) 251 0
(24, 4, 61, 14) 103 81984
(0, 62, 33, 88) 183 0
(17, 16, 97, 34) 164 897056
(54, 14, 34, 89) 191 2287656
(24, 9, 31, 63) 127 421848
(36, 53, 33, 72) 194 4533408
(86, 39, 53, 9) 187 1599858
(56, 5, 28, 75) 164 588000
(0, 42, 22, 0) 64 0
(48, 96, 75, 76) 295 26265600
(35, 35, 31, 44) 145 1670900
(71, 31, 67, 20) 189 2949340
(89, 47, 15, 45) 196 2823525
(7, 55, 94, 35) 191 1266650
(5, 58, 3, 14) 80 12180
(44, 88, 80, 0) 212 0
(44, 24, 4, 61) 133 257664
(37, 0, 62, 33) 132 0
(44, 17, 16, 97) 174 1160896
(60, 54, 14, 34) 162 1542240
(21, 24, 9, 31) 85 140616
(58, 36, 53, 33) 180 3651912
(51, 29, 56, 95) 231 7868280
(19, 56, 5, 28) 108 148960
(80, 0, 42, 22) 144 0
(81, 48, 96, 75) 300 27993600
(68, 35, 35, 31) 169 2582300
(5, 71, 31, 67) 174 737335
(94, 89, 47, 15) 245 5898030
(47, 7, 55, 94) 203 1700930
(69, 5, 58, 3) 135 60030
(28, 44, 88, 80) 240 8673280
(73, 44, 24, 4) 145 308352
(92, 37, 0, 62) 191 0
(13, 44, 17, 16) 90 155584
(86, 60, 54, 14) 214 3900960
(52, 21, 24, 9) 106 235872
(17, 58, 36, 53) 164 1881288
(77, 51, 29, 56) 213 6377448
(4, 54, 85, 92) 235 1689120
(4, 80, 0, 42) 126 0
(52, 81, 48, 96) 277 19408896
(8, 68, 35, 35) 146 666400
(83, 5, 71, 31) 190 913415
(97, 94, 89, 47) 327 38140594
(35, 47, 7, 55) 144 633325
(99, 69, 5, 58) 231 1980990
(16, 28, 44, 88) 176 1734656
(7, 73, 44, 24) 148 539616
(97, 92, 37, 0) 226 0
(57, 13, 44, 17) 131 554268
(32, 86, 60, 54) 232 8916480
(16, 52, 21, 24) 113 419328
(26, 17, 58, 36) 137 922896
(26, 77, 51, 29) 183 2960958
(79, 4, 54, 85) 222 1450440
(33, 89, 17, 57) 196 2845953
(88, 52, 81, 48) 269 17791488
(36, 8, 68, 35) 147 685440
(68, 83, 5, 71) 227 2003620
(87, 97, 94, 89) 367 70600674
(57, 35, 47, 7) 146 656355
(62, 99, 69, 5) 235 2117610
(20, 16, 28, 44) 108 394240
(72, 7, 73, 44) 196 1618848
(3, 97, 92, 37) 229 990564
(46, 57, 13, 44) 160 1499784
(33, 32, 86, 60) 211 5448960
(67, 16, 52, 21) 156 1170624
(46, 26, 17, 58) 147 1179256
(55, 26, 77, 51) 209 5615610
(12, 79, 4, 54) 149 204768
(32, 33, 89, 17) 171 1597728
(63, 27, 55, 58) 203 5426190
(4, 36, 8, 68) 116 78336
(42, 68, 83, 5) 198 1185240
(16, 87, 97, 94) 294 12692256
(73, 57, 35, 47) 212 6844845
(38, 62, 99, 69) 268 16093836
(25, 20, 16, 28) 89 224000
(39, 72, 7, 73) 191 1434888
(11, 3, 97, 92) 203 294492
(24, 46, 57, 13) 140 818064
(94, 33, 32, 86) 245 8536704
(72, 67, 16, 52) 207 4013568
(18, 46, 26, 17) 107 365976
(8, 55, 26, 77) 166 880880
(46, 12, 79, 4) 141 174432
(29, 32, 33, 89) 183 2725536
(32, 63, 27, 55) 177 2993760
(40, 93, 98, 40) 271 14582400
(20, 42, 68, 83) 213 4740960
(69, 16, 87, 97) 269 9316656
(36, 73, 57, 35) 201 5242860
(41, 38, 62, 99) 240 9563004
(72, 25, 20, 16) 133 576000
(30, 39, 72, 7) 148 589680
(23, 11, 3, 97) 134 73623
(88, 24, 46, 57) 215 5537664
(34, 94, 33, 32) 193 3374976
(62, 72, 67, 16) 217 4785408
(99, 18, 46, 26) 189 2131272
(69, 8, 55, 26) 158 789360
(82, 46, 12, 79) 219 3575856
(67, 29, 32, 33) 161 2051808
(59, 32, 63, 27) 181 3211488
(85, 40, 93, 98) 316 30987600
(74, 62, 53, 66) 255 16048824
(20, 69, 16, 87) 192 1920960
(73, 36, 73, 57) 239 10935108
(35, 41, 38, 62) 176 3380860
(29, 72, 25, 20) 146 1044000
(78, 30, 39, 72) 219 6570720
(31, 23, 11, 3) 68 23529
(90, 88, 24, 46) 248 8743680
(1, 34, 94, 33) 162 105468
(74, 62, 72, 67) 275 22132512
(31, 99, 18, 46) 194 2541132
(49, 69, 8, 55) 181 1487640
(71, 82, 46, 12) 211 3213744
(48, 67, 29, 32) 176 2984448
(86, 59, 32, 63) 240 10229184
(81, 85, 40, 93) 299 25612200
(16, 74, 62, 53) 205 3890624
(23, 4, 76, 69) 172 482448
(1, 73, 36, 73) 183 191844
(70, 35, 41, 38) 184 3817100
(54, 29, 72, 25) 180 2818800
(71, 78, 30, 39) 218 6479460
(83, 31, 23, 11) 148 650969
(51, 90, 88, 24) 253 9694080
(54, 1, 34, 94) 183 172584
(69, 74, 62, 72) 277 22793184
(16, 31, 99, 18) 164 883872
(92, 49, 69, 8) 218 2488416
(33, 71, 82, 46) 232 8837796
(48, 48, 67, 29) 192 4476672
(61, 86, 59, 32) 238 9904448
(43, 81, 85, 40) 249 11842200
(52, 16, 74, 62) 204 3817216
(1, 23, 4, 76) 104 6992
(89, 57, 36, 36) 218 6574608

List of products:  [0, 0, 0, 0, 0, 0, 0, 0, 0, 0, 0, 0, 0, 0, 0, 0, 0, 0, 0, 0, 0, 0, 0, 0, 0, 0, 0, 0, 0, 0, 0, 0, 0, 0, 0, 0, 0, 0, 0, 0, 0, 0, 0, 0, 0, 0, 0, 0, 0, 0, 0, 0, 0, 0, 0, 0, 0, 0, 0, 0, 0, 0, 0, 0, 0, 0, 0, 0, 0, 0, 0, 0, 0, 0, 1600, 2940, 3910, 5290, 6992, 9200, 10350, 10400, 10500, 10920, 11880, 12180, 14112, 14586, 17136, 19992, 20400, 22464, 23529, 25600, 26730, 26752, 26880, 28160, 29760, 31280, 32256, 32775, 34144, 35600, 36358, 38400, 38500, 42000, 42636, 43416, 43520, 43956, 45560, 48048, 51744, 52920, 53900, 55552, 55552, 57330, 57816, 59520, 60030, 60720, 61152, 63700, 66096, 66792, 67716, 67760, 68796, 69696, 70720, 72864, 73623, 74256, 74760, 78336, 78720, 81984, 82500, 85425, 85680, 85680, 85680, 87932, 90240, 90948, 91392, 94464, 95040, 97776, 100352, 101184, 101244, 104576, 104880, 105468, 106848, 109089, 109956, 110880, 111384, 112112, 112406, 113297, 114268, 115500, 119280, 120600, 121856, 122688, 124992, 127232, 130816, 131040, 131856, 133120, 136396, 137060, 138112, 140616, 140800, 141960, 142120, 142560, 142800, 143520, 148960, 149760, 153816, 155584, 156492, 156816, 160176, 162184, 164736, 168000, 168640, 170496, 172584, 174432, 174636, 177480, 181152, 184230, 184800, 184960, 189144, 190740, 191844, 192096, 196224, 196560, 198720, 199004, 202176, 204768, 205020, 206064, 206388, 206460, 206460, 212064, 216804, 217620, 217800, 217800, 221165, 221760, 224000, 225120, 227520, 228800, 231880, 233856, 235200, 235773, 235872, 238576, 242352, 242424, 244608, 252747, 255528, 257400, 257664, 261800, 261900, 267840, 268380, 268584, 268800, 271360, 272272, 275184, 277380, 279496, 283410, 286272, 286626, 294224, 294492, 295680, 297000, 298584, 305118, 308352, 308448, 310688, 310856, 312294, 313344, 314280, 317440, 327888, 327888, 331760, 331992, 332640, 336140, 338256, 338400, 340628, 340704, 341504, 346112, 350224, 353510, 353970, 354438, 357000, 358160, 359424, 361998, 361998, 362600, 363216, 365976, 369117, 369408, 369600, 373968, 374544, 382602, 382800, 385440, 388080, 388080, 389844, 389940, 394240, 395200, 399168, 400660, 401940, 403848, 406560, 407550, 415800, 416415, 419328, 419760, 421848, 424116, 430389, 434304, 436590, 441000, 446688, 455700, 460800, 466004, 476928, 478632, 482448, 482816, 485760, 497640, 501228, 501696, 503360, 506368, 508032, 508032, 524160, 524400, 530816, 531805, 533832, 539616, 540270, 548328, 553472, 554268, 555016, 556416, 558900, 561816, 562500, 565250, 569664, 570240, 571200, 575168, 576000, 586560, 588000, 589372, 589680, 597402, 598752, 611800, 616770, 619248, 622080, 622728, 627396, 628992, 633325, 633600, 640976, 641130, 646272, 646800, 650969, 656355, 657000, 661960, 666400, 666624, 685440, 685860, 686664, 705024, 705600, 705600, 706180, 710424, 717952, 720720, 725040, 726750, 735000, 737335, 738234, 738816, 739200, 741888, 743432, 750400, 752640, 757248, 758784, 765072, 766500, 769860, 774752, 776736, 783200, 786240, 786240, 789360, 792792, 793152, 793440, 801900, 818064, 822528, 829440, 835016, 836352, 854464, 858624, 871875, 874368, 875160, 878592, 880380, 880880, 883872, 890624, 897056, 898128, 900576, 905760, 907137, 913415, 916560, 922896, 923520, 938496, 951280, 952740, 966144, 967575, 967824, 969892, 971520, 974592, 977835, 985600, 986240, 988312, 990564, 991440, 992784, 994560, 999600, 1013760, 1025640, 1031264, 1044000, 1044576, 1044582, 1050510, 1052700, 1068672, 1075200, 1075536, 1077205, 1080576, 1088640, 1109600, 1110780, 1111320, 1115136, 1119360, 1131312, 1132032, 1160896, 1170624, 1179256, 1185240, 1185750, 1194624, 1216380, 1220625, 1227798, 1234944, 1238496, 1266650, 1282380, 1290816, 1292544, 1293600, 1312740, 1314648, 1314797, 1330560, 1336608, 1353024, 1356800, 1359288, 1370880, 1373328, 1379040, 1380456, 1386000, 1392640, 1393935, 1397220, 1398852, 1404000, 1412802, 1413600, 1413720, 1414040, 1427712, 1432200, 1432981, 1434888, 1435500, 1436400, 1441500, 1444352, 1448448, 1450440, 1481900, 1484440, 1487640, 1490580, 1492480, 1492992, 1496880, 1499784, 1500576, 1502120, 1504545, 1507660, 1507840, 1507968, 1520967, 1524210, 1532960, 1538460, 1542240, 1548155, 1574400, 1597728, 1599696, 1599696, 1599858, 1600500, 1613304, 1614600, 1618848, 1619712, 1627500, 1629600, 1636888, 1639440, 1651104, 1663092, 1664640, 1670900, 1684320, 1689120, 1699056, 1700930, 1707520, 1710720, 1730560, 1734656, 1742976, 1762332, 1764070, 1768425, 1774080, 1776060, 1781787, 1786752, 1788696, 1796016, 1808100, 1809864, 1830114, 1831410, 1834560, 1839600, 1842048, 1847664, 1864128, 1881288, 1890336, 1900800, 1903616, 1909600, 1912680, 1920768, 1920960, 1921920, 1923264, 1936836, 1940004, 1951884, 1952748, 1967784, 1977402, 1980990, 1982178, 1997504, 2003620, 2034120, 2036880, 2036880, 2039232, 2042964, 2046984, 2051280, 2051808, 2053350, 2064480, 2085440, 2089395, 2096640, 2115840, 2115927, 2116800, 2117610, 2129760, 2131272, 2141320, 2141320, 2146176, 2161080, 2165760, 2169200, 2187216, 2203200, 2223936, 2230296, 2248704, 2249856, 2253888, 2254280, 2265120, 2279340, 2287656, 2301440, 2304000, 2331648, 2336625, 2369120, 2373140, 2384910, 2389860, 2402400, 2407680, 2414720, 2415798, 2433600, 2439360, 2441880, 2444624, 2448600, 2454270, 2457504, 2467476, 2474550, 2488320, 2488416, 2511248, 2541132, 2563488, 2570400, 2572938, 2582300, 2585632, 2588760, 2609568, 2623104, 2624160, 2633904, 2647840, 2648448, 2662848, 2670360, 2680818, 2701728, 2702700, 2704650, 2713600, 2715444, 2715444, 2720325, 2725536, 2743440, 2744280, 2744280, 2752640, 2761472, 2764500, 2777040, 2785024, 2798928, 2802800, 2804725, 2804760, 2817206, 2818800, 2823525, 2830848, 2845953, 2853396, 2864250, 2865520, 2868096, 2889216, 2904000, 2908872, 2923776, 2928570, 2938320, 2949340, 2956800, 2960958, 2970240, 2982882, 2984448, 2993760, 3006720, 3009600, 3032640, 3040416, 3049200, 3049200, 3052350, 3064320, 3097380, 3104640, 3118225, 3151808, 3160080, 3188160, 3211488, 3213744, 3215520, 3231360, 3231360, 3236376, 3288480, 3292800, 3298400, 3298680, 3304290, 3313440, 3313656, 3338496, 3344172, 3349216, 3351744, 3354372, 3363360, 3364368, 3373854, 3373854, 3374976, 3380860, 3400320, 3403004, 3407040, 3420560, 3427050, 3476704, 3499776, 3500560, 3549600, 3575856, 3581820, 3602456, 3629340, 3639384, 3651912, 3654144, 3654745, 3712436, 3714480, 3727080, 3728032, 3731904, 3763098, 3789720, 3809280, 3817100, 3817216, 3838464, 3857640, 3858624, 3861000, 3864736, 3881712, 3890624, 3900960, 3931200, 3934656, 3939840, 3982216, 3995008, 4013568, 4019863, 4051080, 4055040, 4154832, 4170780, 4188030, 4188888, 4204200, 4232736, 4240583, 4244526, 4258656, 4266592, 4287360, 4289040, 4297920, 4300800, 4301440, 4359420, 4371840, 4374720, 4389504, 4407260, 4440590, 4450600, 4455880, 4461600, 4466880, 4476672, 4490640, 4522000, 4530330, 4533408, 4540536, 4548096, 4580064, 4594464, 4630780, 4636800, 4647830, 4664880, 4678476, 4699296, 4707584, 4717440, 4724676, 4728570, 4729536, 4740960, 4768360, 4785408, 4788480, 4791800, 4797000, 4829440, 4843520, 4856390, 4895520, 4904432, 4911192, 4962573, 4986360, 4997510, 5009760, 5045040, 5045040, 5058180, 5058180, 5076540, 5088960, 5098368, 5099500, 5125632, 5137258, 5159640, 5166000, 5176752, 5210170, 5242860, 5245758, 5249664, 5278770, 5292000, 5331200, 5336402, 5348512, 5349888, 5355720, 5371184, 5377680, 5425056, 5426190, 5438256, 5443200, 5448960, 5452920, 5484672, 5537664, 5544000, 5593830, 5615610, 5644800, 5695272, 5759100, 5762988, 5771700, 5779410, 5797680, 5849100, 5853848, 5880000, 5898030, 5908194, 5958656, 6008560, 6023808, 6027840, 6031360, 6032160, 6044940, 6049296, 6059120, 6075036, 6098785, 6121280, 6149160, 6153840, 6162587, 6178914, 6228992, 6229504, 6289920, 6292800, 6306048, 6310980, 6343040, 6355935, 6377448, 6378372, 6383916, 6414210, 6433020, 6444360, 6461208, 6462720, 6479460, 6500204, 6514520, 6547008, 6557760, 6570720, 6574608, 6586580, 6600672, 6628692, 6636448, 6638874, 6713980, 6737280, 6785280, 6844845, 6876160, 6898122, 7056720, 7079400, 7112448, 7124480, 7133360, 7152540, 7165123, 7206732, 7230564, 7280416, 7283232, 7312032, 7323540, 7332768, 7332768, 7386822, 7412187, 7478406, 7508488, 7551339, 7593264, 7614288, 7615944, 7659480, 7669200, 7788550, 7792960, 7796880, 7868280, 7953400, 7980826, 8001504, 8013600, 8076510, 8104320, 8111040, 8175650, 8282340, 8310728, 8316000, 8335404, 8351148, 8372160, 8386560, 8467536, 8535576, 8536704, 8538480, 8673280, 8701056, 8727840, 8743680, 8798544, 8837796, 8883860, 8889408, 8916480, 8926200, 8933760, 8969856, 8981847, 9001440, 9043392, 9085440, 9086976, 9097920, 9135360, 9172800, 9287460, 9316656, 9374640, 9408000, 9444864, 9507960, 9563004, 9580275, 9678240, 9694080, 9816576, 9832735, 9896040, 9904448, 9929088, 9936864, 9995020, 10032516, 10054800, 10084840, 10229184, 10231650, 10253952, 10264800, 10342528, 10454400, 10541960, 10565280, 10570560, 10606464, 10615920, 10675728, 10738224, 10738224, 10755360, 10794960, 10802142, 10874864, 10935108, 10943856, 10969344, 11074752, 11079648, 11108664, 11118600, 11232000, 11251800, 11290048, 11378304, 11397236, 11525976, 11525976, 11561319, 11561319, 11576268, 11587200, 11630640, 11706240, 11757600, 11771760, 11842200, 11883168, 12067866, 12085488, 12139632, 12164256, 12166080, 12259104, 12322640, 12401532, 12459744, 12499520, 12501216, 12507264, 12692256, 12793572, 12814956, 12837627, 12955320, 12975312, 13171200, 13193840, 13214880, 13407768, 13478960, 13522432, 13638816, 13679820, 13725936, 13855698, 13956768, 13987952, 14035428, 14079000, 14114100, 14210784, 14224896, 14227200, 14331944, 14361312, 14399748, 14482580, 14550354, 14577860, 14582400, 14636160, 14719320, 14808780, 14826240, 14871600, 14916880, 14917952, 14942340, 15127344, 15284241, 15358365, 15402429, 15466464, 15642720, 15746016, 15772158, 15785820, 15949128, 16048824, 16080768, 16093836, 16167060, 16194745, 16229322, 16229322, 16518600, 16621456, 16776144, 17085816, 17284608, 17511824, 17519250, 17696040, 17712864, 17728984, 17791488, 17833464, 17959788, 18070712, 18226494, 18364896, 18442688, 18585216, 18741888, 19159119, 19408896, 19620495, 19649760, 19911080, 20304768, 20335536, 20444380, 20640048, 20907144, 21149604, 21408786, 21426363, 21459816, 21612453, 21710920, 21941010, 22132512, 22275540, 22289904, 22366074, 22793184, 23365056, 23451120, 23569344, 23569920, 23660000, 23740128, 24468444, 24864370, 25480000, 25612200, 25723980, 26004536, 26265600, 26321504, 27552410, 27663636, 27832896, 27896715, 27993600, 28894440, 30618244, 30692718, 30987600, 32565456, 32719995, 34728804, 34826064, 35845044, 35868960, 37529514, 38140594, 40304286, 41076896, 48477312, 51267216, 70600674] 1258
